2000 100
1 545 1225
1 1983 1842
1 1846 273
1 546 1225
1 1654 1923
1 1923 1411
0 160 1411
0 600 36
1 696 857
1 1048 1173
0 1788 102
0 596 326
0 490 1540
1 487 1910
0 703 1083
1 1769 728
1 847 1340
0 394 728
1 1615 1807
1 13 61
1 68 1410
1 917 840
1 640 1537
1 1026 1326
0 1073 1045
0 663 1249
0 1607 53
1 1442 759
0 1343 1613
1 1828 770
1 1291 1240
1 734 1891
1 128 181
1 1308 1689
0 776 590
1 775 1679
1 787 748
1 1715 1505
1 192 343
1 980 1971
0 1112 1257
0 1133 39
0 1879 1857
0 1110 1189
0 1866 1962
1 1594 532
0 1350 185
1 1582 300
1 1365 649
1 135 571
0 1886 307
0 1318 1416
1 204 1662
1 1814 294
1 1147 1553
1 550 1515
0 1635 1428
0 486 1464
1 796 549
0 1476 845
0 684 351
0 1578 1494
1 1645 1397
1 100 1342
0 1694 501
1 1797 1755
0 123 720
0 69 648
1 1787 1608
1 936 1455
1 991 1242
1 1070 882
0 50 546
1 1024 413
0 1871 1376
1 1441 1348
1 1362 1198
1 907 776
0 409 1016
1 291 1651
0 1707 1382
0 1291 925
0 737 1918
0 1792 1872
1 117 1924
0 617 1102
1 1900 1511
0 1751 748
1 315 1116
0 1203 977
0 1675 1606
0 300 1974
1 691 177
0 287 720
1 1763 57
0 47 1409
0 743 1348
1 1259 10
1 1121 1700
1 719 1984
0 64 765
1 1255 574
0 720 1019
1 1117 1065
0 511 1633
0 682 867
1 736 199
0 1771 412
1 522 533
1 1832 157
1 1061 472
1 1032 702
1 844 1427
1 172 768
0 1461 1856
0 1736 1808
0 919 1508
0 1478 1183
1 765 1885
1 312 637
1 1199 749
0 1690 509
0 338 271
0 1797 12
0 751 1119
1 804 750
0 880 1924
1 1293 150
0 1789 1723
0 1289 358
0 1837 430
1 1049 962
1 1203 321
1 869 1977
1 902 928
0 1233 907
0 1741 1333
0 1583 959
1 9 387
1 392 1947
0 1607 503
1 109 1140
0 1942 229
1 901 1363
0 275 754
1 84 1757
1 1833 1380
0 1533 1953
1 1082 1500
1 609 381
0 1547 1132
0 246 523
0 586 175
1 775 948
1 1586 873
1 346 550
1 1900 1277
1 1981 435
0 327 198
0 1862 1984
0 1295 1169
1 1811 1821
0 929 897
1 1121 505
0 467 1892
1 47 1706
0 1187 24
1 1992 763
1 716 63
0 1153 169
1 1166 1937
1 512 80
1 1872 1501
0 1201 479
1 1428 1662
1 484 201
0 332 1556
0 1704 584
1 1347 1908
0 213 651
1 1781 1278
1 724 751
1 43 87
0 1552 120
1 1945 1286
0 1912 1452
0 161 787
1 1520 586
1 586 351
0 139 158
0 59 1995
0 361 1255
1 475 1684
0 50 1144
0 1166 1426
1 1545 664
0 862 669
0 269 1185
1 159 203
0 734 769
0 1190 1791
0 671 978
1 1664 1186
0 960 467
1 712 1375
1 352 131
0 1000 459
1 856 1299
1 1598 535
0 1733 1292
1 1674 604
0 691 1397
1 1283 22
0 1905 1467
1 414 1017
1 543 854
0 848 1686
1 1492 310
1 321 1972
0 1867 342
1 1739 1421
0 1935 203
1 994 51
0 202 266
0 1055 449
0 1011 880
0 1095 1203
0 955 1176
0 1966 1914
0 1819 787
0 72 1892
0 642 1011
1 435 461
0 12 444
1 1991 29
0 545 1251
0 1252 126
0 1809 280
1 1178 994
1 1005 1238
1 216 1536
0 31 531
0 1105 825
0 1619 1997
1 1542 320
1 1424 1675
0 402 1333
0 1102 43
0 677 1107
1 1866 681
0 759 186
1 1695 1405
0 1250 1899
1 891 1515
1 211 120
1 59 1707
1 133 1425
1 605 1
0 1211 1435
0 713 1354
0 801 1650
0 874 975
1 823 1006
1 925 138
0 203 786
1 1807 1602
0 1716 236
0 1684 494
0 288 115
1 56 1382
0 676 938
0 1536 162
0 1908 343
1 1916 1808
1 70 518
1 1290 1307
0 661 50
0 1340 1368
1 1187 302
1 1890 1085
0 845 1945
1 929 1714
0 1667 1537
1 954 1836
0 1635 201
1 672 1648
0 728 1919
1 1137 982
1 1109 1746
0 1573 29
1 540 299
1 357 1654
1 188 1828
0 403 194
1 1992 1589
0 484 1059
1 492 984
1 157 1479
1 783 978
1 1476 915
1 1864 942
0 258 1474
0 903 723
1 674 251
1 1997 1337
0 173 1538
1 253 149
0 1549 974
1 160 1695
0 1323 450
0 865 449
0 1921 267
1 1024 953
0 1913 11
0 38 1852
1 21 1405
1 1474 578
0 1641 820
1 314 1468
1 9 694
1 1124 597
0 1600 1444
0 33 1825
1 1465 541
0 1422 1013
0 479 182
0 1062 528
0 195 1380
1 822 1495
0 535 1699
1 1609 792
1 1082 1089
1 1464 203
0 1606 210
0 1353 1661
1 1589 829
1 1225 1519
1 575 564
0 1309 203
0 1970 1896
1 201 360
0 1342 1018
1 1961 1768
1 1206 765
1 1107 1526
0 886 443
1 1630 1212
0 59 790
0 193 203
0 1646 978
0 163 344
1 1798 795
0 1108 1039
0 1591 1647
0 954 1114
1 676 328
0 1392 1393
0 1115 945
1 107 1896
1 983 588
1 373 890
1 759 1486
0 1428 56
1 584 1727
1 153 693
0 479 1806
1 897 672
1 1866 988
1 1885 240
0 664 855
0 1892 1728
1 1731 460
1 447 1762
0 1488 1956
1 1695 1082
1 1065 376
0 1619 715
1 1167 431
0 210 777
1 541 1239
1 164 1160
1 1487 613
0 20 1056
1 1939 232
0 344 1224
0 1642 596
1 1533 249
0 571 11
0 1737 566
0 598 1969
0 1832 96
0 730 516
0 1791 1570
1 1250 192
0 536 1206
1 151 1813
0 1710 1567
0 782 1101
1 1865 261
1 1797 1161
0 691 102
0 1964 455
0 426 1188
1 1686 1836
1 985 119
0 1041 1857
1 62 852
0 416 1155
0 1352 14
1 701 219
0 698 223
0 174 1107
1 936 30
0 723 1574
0 212 948
1 915 415
0 317 1471
1 12 1332
1 1901 244
0 483 20
0 1195 1502
0 1657 458
0 587 464
0 1892 1253
0 1582 358
0 692 1602
0 622 1173
0 515 1487
0 126 1651
1 813 1256
1 361 966
0 575 854
1 194 465
0 692 1136
0 685 223
1 1933 1443
0 464 1853
0 1273 1502
1 703 1415
1 1066 696
1 1996 497
1 842 631
1 1609 325
1 840 1076
1 190 995
0 262 1453
0 1665 1596
0 435 333
1 1714 1980
1 792 1873
1 1409 986
0 1372 360
0 1 1419
0 1304 845
0 1349 1898
0 1188 1603
0 852 477
0 1756 1544
0 710 555
0 218 65
1 1706 1542
0 78 212
0 1397 1005
0 486 1516
1 708 1463
0 107 1762
0 1289 1766
0 1612 342
0 959 1570
1 390 1439
1 695 830
1 1873 746
0 1332 591
1 1933 626
0 1133 1739
0 490 1577
1 703 1229
0 1718 1736
0 9 409
1 150 1708
1 1659 1867
0 216 868
0 1333 205
1 915 1504
0 356 1626
0 1630 1379
1 1577 1930
0 359 119
0 83 505
0 298 1329
0 1909 1675
1 129 1837
0 1077 735
1 321 1128
0 622 142
1 763 311
0 1246 1331
1 343 592
1 52 1925
1 980 1642
1 293 1755
0 1421 1983
0 1852 97
0 1255 742
0 1297 667
0 343 1412
1 1615 559
0 332 673
1 1945 1413
0 696 1707
0 955 1334
1 1883 1538
1 417 1345
1 886 973
0 1403 1330
1 1590 1144
1 813 641
1 1688 39
0 112 640
1 860 261
1 553 1557
0 36 550
0 743 98
0 1263 1701
0 845 1639
1 342 116
1 1446 320
1 577 1241
0 1684 132
1 1295 958
0 966 269
1 464 105
1 1164 1853
0 1850 104
1 1429 1938
1 1636 1231
0 1437 667
1 465 1976
0 1270 1613
0 484 94
0 396 441
0 1464 526
1 1309 702
0 1568 730
0 20 1834
1 131 1316
0 1818 1722
1 531 1184
1 820 1804
0 370 1548
0 789 600
1 1411 795
1 954 511
0 644 1534
1 1590 1559
0 226 1252
0 1483 1440
0 456 1728
0 1721 1701
1 1865 1225
0 463 923
1 349 1851
1 1743 1727
1 1019 986
0 867 1711
1 135 98
1 1553 1456
1 443 863
0 1040 1052
1 576 1780
1 11 1832
1 1079 474
0 1965 849
1 978 1244
1 1183 537
1 59 76
0 279 1285
0 348 1988
1 459 229
0 1731 1210
1 163 1138
1 515 756
0 130 1961
1 240 1502
1 1240 1250
1 663 209
1 985 1341
0 972 474
0 1865 625
1 1357 1718
1 701 1016
0 84 307
1 1970 851
0 1046 610
1 556 740
1 944 1280
0 844 204
0 537 1613
1 1711 1386
1 283 279
1 1020 890
0 8 1763
1 1549 693
0 1431 1654
0 861 1536
0 1894 506
0 1240 682
0 977 1426
0 1531 1124
1 920 1242
0 1225 678
0 1095 1856
1 1926 1967
0 1526 1270
1 969 1956
0 922 446
1 1394 382
1 628 231
1 1688 572
1 542 1764
1 1888 843
0 46 886
0 1259 616
1 172 772
0 1918 1176
1 1037 238
0 1737 481
1 843 1910
0 1033 1542
1 1859 497
0 1997 1974
1 1433 1691
1 185 251
0 595 1696
1 1300 1644
1 1915 1286
0 1116 1325
0 1509 163
0 1882 312
0 892 98
0 912 143
0 1484 1119
1 505 306
0 125 1453
0 632 214
0 115 432
1 1772 1837
1 1081 157
1 450 804
1 1197 392
0 1585 84
1 1990 1910
1 884 782
1 1081 1748
0 1635 1967
0 495 1682
0 1032 419
1 1313 641
0 96 1592
1 480 1252
0 627 1206
0 1579 666
1 706 118
0 352 1397
0 1580 1324
1 1704 1020
1 249 1662
1 638 411
1 1468 648
1 1652 1030
0 185 1380
0 168 1258
1 1763 1981
1 1144 677
1 1220 1702
1 438 294
0 1422 736
1 560 1523
1 508 1265
1 1837 950
1 335 347
0 1004 1366
1 889 1940
1 1104 74
0 453 643
0 1241 233
0 388 1804
0 240 900
0 1827 108
1 1676 714
0 1138 1990
0 1658 566
1 1909 1356
0 858 322
0 1651 1602
0 1521 1623
1 620 1472
1 792 1880
1 1781 1460
1 513 1084
1 709 421
0 1953 1825
1 46 763
1 766 1705
0 479 1417
1 433 515
0 244 562
1 1115 262
0 966 1382
0 221 267
1 242 650
1 668 880
1 1225 1124
1 109 1439
0 793 1301
0 1560 193
0 1423 1617
0 142 1518
1 600 567
0 1270 1948
0 868 1701
1 280 16
0 33 727
1 639 1198
0 985 632
0 584 2000
0 774 1442
0 1015 470
1 1945 1837
0 358 10
1 202 1662
1 1469 1641
1 1612 533
1 942 1694
0 159 1627
1 1177 615
1 147 1187
0 1771 1651
0 1307 203
1 931 1658
1 1793 1858
1 1847 1395
0 524 725
0 1624 168
0 1621 456
0 354 1537
0 170 383
1 65 1233
0 1598 1441
1 894 1360
0 531 1213
0 975 472
1 925 1186
0 1985 339
1 1912 1537
0 1669 1620
0 680 755
0 1388 183
0 1362 891
1 362 236
0 158 1696
1 1939 1161
1 664 1598
1 1032 1876
1 576 86
0 1157 1354
1 1015 783
0 586 819
0 974 892
1 75 547
0 408 1174
1 233 362
0 1535 1644
1 1701 501
1 1822 1336
1 1137 1883
1 1665 848
1 502 1164
1 872 1043
0 1017 35
0 1865 1849
0 45 1763
0 574 1452
0 429 447
1 965 194
0 540 1639
0 1917 53
1 1914 501
1 1699 1552
0 398 1667
0 1998 1615
0 2 1350
1 1142 832
1 838 856
0 109 1599
0 1538 1476
0 500 138
1 758 1960
1 1753 1694
1 587 68
0 658 575
1 1525 1454
0 87 647
1 1968 129
0 1418 719
0 642 748
0 1427 988
1 1391 956
1 1577 887
1 1105 1577
0 244 1776
0 977 595
1 766 233
1 70 1733
1 1489 1858
0 188 882
1 632 1887
0 1348 1841
1 157 1167
1 697 305
0 1039 545
0 1666 1384
1 1939 559
0 487 1146
1 1253 232
1 626 1949
1 421 636
1 1 1804
0 1556 53
0 1736 1560
0 543 228
1 347 450
0 254 1752
1 970 887
0 248 155
1 1294 589
1 592 214
1 1095 1809
0 937 312
1 99 126
0 1232 334
0 649 1738
0 182 686
1 1572 322
0 1888 726
1 1400 1149
1 544 829
1 1969 579
1 802 459
0 638 1330
0 606 1190
1 1123 759
1 1733 1292
1 793 1135
1 1864 1203
0 1757 632
1 190 572
1 606 1437
1 1670 566
1 1639 343
1 968 1725
1 633 1766
0 44 545
0 523 157
0 291 1226
1 1702 41
0 1282 27
1 162 908
0 1576 512
1 501 1899
0 1557 1861
0 1567 1479
0 1563 105
1 442 412
1 24 781
0 1515 803
1 366 497
0 494 1577
0 551 404
1 1743 252
1 94 497
0 295 1770
1 1002 1326
1 257 1324
1 1586 1277
1 797 238
0 764 1947
0 1242 1397
1 665 462
0 1052 1225
0 878 27
0 1015 1811
0 1013 1125
1 1188 885
0 855 315
1 1384 1696
0 574 798
0 1823 1509
1 218 321
0 95 327
0 342 1113
0 1828 383
0 1193 1020
0 567 1532
0 1752 1037
0 107 153
0 116 1304
0 906 80
1 840 1548
0 930 798
0 496 1082
0 1889 1597
0 972 515
1 1076 1399
0 1766 166
0 1024 1121
0 1169 119
1 1724 1177
0 1822 327
1 1557 696
1 1050 421
1 244 310
0 938 1115
1 741 1516
0 905 1860
0 517 1706
0 1068 1383
0 262 1118
0 1906 1065
1 770 1283
1 175 127
1 1524 88
0 150 1591
0 438 229
0 1320 1904
0 1256 1274
0 640 1575
1 1339 741
0 1194 243
0 1610 1911
1 1161 641
0 107 1398
0 1571 919
1 947 109
0 1907 1328
0 1357 33
1 1001 1285
1 1780 1398
0 435 186
0 521 1378
1 334 843
1 1477 1781
1 422 1300
1 685 125
0 1101 1036
1 394 1591
1 763 1507
1 185 1542
1 909 1669
0 100 248
1 1719 1916
1 1087 77
0 1912 1044
0 345 1369
1 648 542
0 361 590
0 578 939
0 1807 1302
1 1537 93
1 1543 599
0 362 815
1 1559 896
0 987 230
1 1518 305
0 492 1076
0 111 1117
0 1144 180
1 824 1952
1 1323 1075
0 1020 1903
1 530 274
1 1061 925
1 238 1158
0 790 36
1 1444 869
1 861 238
1 808 1021
0 451 1818
1 1336 47
1 1785 1722
1 940 747
0 1699 1979
0 1187 1952
0 1127 1567
1 1534 778
0 737 1799
1 893 174
0 1482 1796
0 784 671
0 955 1438
0 915 1188
0 968 1884
0 1679 18
1 647 355
0 1659 1733
0 261 593
1 1132 1082
0 62 1607
0 649 1861
1 1207 1807
1 323 1711
1 1699 1760
1 19 615
0 839 1431
0 1857 527
0 591 649
0 1820 1304
1 1126 1497
1 164 558
1 898 1396
0 1609 376
1 25 1093
1 1099 786
1 1834 1176
1 528 63
1 69 691
1 185 1849
1 363 227
1 1773 1148
1 1347 852
0 612 1862
1 1160 83
0 1334 1720
1 826 351
1 722 346
0 481 1849
0 655 371
1 758 245
0 1435 807
1 595 1149
0 517 1745
0 1036 19
0 276 1939
1 285 1735
1 543 318
0 276 1619
0 98 224
0 288 719
1 1680 1330
0 397 970
0 364 1091
0 1505 1368
1 102 52
0 767 207
0 1068 955
1 1080 337
1 1119 315
1 399 1287
1 620 942
0 776 1191
1 470 1444
1 1135 1279
1 33 845
1 1254 485
0 333 905
0 439 1336
0 36 1377
0 748 921
1 701 503
0 961 908
1 793 1367
1 1338 1933
1 1485 1445
0 1713 274
0 1812 1416
0 1852 369
0 217 591
0 1259 866
1 1752 1948
1 431 326
1 52 1578
1 648 642
1 1718 1018
1 911 609
0 418 1159
1 564 1432
0 1059 1008
0 781 347
1 1133 948
0 1869 793
0 442 1396
0 630 323
0 962 1401
0 1525 727
1 1013 1327
0 97 1822
0 991 474
0 904 1781
0 682 1452
1 1500 1660
1 508 367
1 258 185
0 294 6
0 1786 12
0 838 871
1 1711 743
1 1616 286
1 941 332
0 565 1035
1 609 867
0 1797 1155
0 303 288
0 1467 957
0 1603 1223
1 1181 1752
0 84 994
1 477 541
0 423 751
1 1307 21
1 352 1227
1 890 1241
1 513 1898
0 1818 1069
1 637 1295
1 24 1378
0 35 283
0 375 1490
1 614 830
0 406 542
1 350 964
1 1052 1757
0 996 229
0 1144 428
1 461 1063
1 192 1927
0 80 934
0 796 662
1 29 718
0 1553 1050
1 57 1780
1 1481 571
0 1190 1839
0 222 1881
1 275 1498
1 1639 1101
1 1784 1283
0 1689 1980
1 857 1224
1 589 566
0 461 33
1 1188 380
1 396 1314
0 445 109
0 760 1582
1 1971 1478
0 1913 1468
0 1885 1422
0 900 933
1 938 1540
0 1526 974
0 393 1339
1 40 62
0 1260 952
1 1144 102
0 720 1826
0 1909 1807
0 271 1324
0 412 1746
1 1467 1091
1 24 1054
0 1935 145
1 428 1466
0 212 1616
0 591 1821
1 151 1640
1 838 1098
1 735 1509
1 684 1187
0 1207 725
0 1588 824
1 741 1976
1 394 416
0 672 814
0 400 479
0 999 1133
1 893 977
0 1449 1020
0 1118 1043
1 1622 1069
1 1860 643
1 847 1081
1 221 1306
0 487 833
0 158 1572
0 1552 1615
1 1712 890
0 273 894
1 137 1451
0 1625 638
1 1624 1878
1 1128 1084
0 1981 198
0 901 1119
1 1478 1471
1 1394 1605
1 1270 14
0 554 700
0 453 1789
0 322 1766
0 718 983
1 952 710
1 559 984
1 1392 285
1 1922 1477
0 997 145
0 523 1794
0 1132 1412
1 1027 788
0 783 1922
0 1723 896
0 427 1773
1 1099 1591
0 878 412
1 551 669
0 1111 400
1 582 1813
0 1842 1891
0 1909 1877
0 1040 1411
0 1541 112
0 270 637
1 1959 410
1 244 1560
1 1106 481
1 968 282
0 1769 1636
1 1398 1311
0 831 1475
0 1842 1346
1 745 765
0 1593 1008
1 1742 640
1 934 1465
1 1018 1406
1 1545 1700
0 780 1403
1 612 1938
1 228 1578
0 1490 1943
0 1779 1709
1 1552 810
0 709 1276
0 1573 1327
0 824 526
0 955 1894
1 1863 1312
0 1777 187
1 511 1179
0 1345 424
1 1005 750
0 16 1234
1 1049 1462
1 236 1488
1 1454 1806
0 922 45
1 787 169
0 1536 1079
0 476 603
0 767 143
1 1451 1062
1 1660 1705
0 301 1889
1 1695 417
0 1407 120
1 926 603
0 821 1782
1 1643 1200
1 1164 33
0 1336 762
1 1427 1319
0 622 1484
0 1292 745
1 807 570
1 1162 1854
1 55 1170
0 1710 917
1 940 1432
1 972 1621
0 1467 438
0 551 1277
0 1640 236
1 1873 999
1 1108 1780
0 986 1798
1 1084 784
1 592 349
1 1263 569
1 1133 1881
0 248 1834
0 836 1576
1 338 981
0 1031 1015
1 1460 1779
0 1349 818
1 1820 176
1 479 765
1 1765 1800
0 953 1707
1 913 1405
1 649 830
1 445 732
0 836 1963
1 1849 1396
0 616 1065
1 55 1592
0 1289 778
1 642 481
0 1947 236
1 735 1117
0 277 787
0 34 1608
0 1885 874
0 1037 1535
1 480 1643
0 1737 608
1 678 1597
1 1719 569
0 430 42
1 845 480
1 1813 1322
1 1721 45
1 343 5
0 1045 1345
1 1534 1755
1 1258 1932
1 1627 854
0 519 285
1 644 77
1 1045 690
0 1585 651
0 1379 114
1 1682 868
1 798 1303
1 569 1870
0 1141 646
0 410 1632
0 41 763
0 1171 1213
0 1731 372
0 1181 1476
1 583 164
1 1135 572
1 704 1279
1 1707 1964
1 1347 1039
0 1217 835
1 28 1177
0 503 811
0 1415 951
0 770 1940
1 1889 1436
1 1832 1515
0 785 1624
1 1570 835
0 1295 1929
1 780 251
0 1263 939
0 41 917
1 805 1723
1 1507 67
0 1775 1061
1 1609 1089
1 507 734
0 1042 409
0 1695 959
0 1698 86
0 1333 1173
1 1160 598
0 193 816
1 1747 491
0 1635 1741
0 1151 1193
0 785 1073
0 1367 1626
0 654 1069
0 1475 1371
0 1932 42
0 780 1491
1 378 1570
0 906 1198
1 384 971
1 1720 1742
1 880 1520
0 320 1705
0 336 637
1 1324 1960
0 500 1518
1 859 1830
1 701 1416
1 1552 274
0 1671 1838
0 1720 1958
1 150 1907
1 1027 1818
1 172 1754
0 662 1898
1 1647 168
0 1937 531
1 1304 154
0 1669 543
0 1445 113
1 1971 655
0 1108 1160
0 1154 733
0 1853 898
0 1521 787
1 1603 1966
1 1962 241
0 386 110
0 1701 805
0 1400 1881
0 1435 1503
1 1652 1711
1 1430 1086
0 187 1885
1 1627 104
0 666 1329
0 1423 328
0 1756 511
1 820 1540
0 165 247
1 323 981
0 1527 328
0 1215 1289
0 25 1422
1 362 2000
0 1133 297
0 169 880
0 1099 910
1 726 20
1 1427 900
0 638 841
1 1003 743
0 292 490
1 375 230
0 1551 880
0 1129 618
1 1550 482
0 612 1352
1 719 1043
0 1221 391
0 152 1488
1 311 661
0 744 1169
0 645 948
1 553 137
0 1343 444
1 832 1444
1 1018 1088
1 1431 126
1 1732 784
0 1491 624
1 1493 1109
0 1217 804
1 1693 1705
1 55 69
1 1486 179
1 375 882
0 1031 904
0 1278 161
0 436 818
0 1683 1678
1 638 1906
0 1466 932
0 1862 1917
0 594 1093
1 1679 476
0 1566 985
1 1521 665
0 1866 310
0 1772 66
1 436 388
1 1263 1608
1 890 578
1 176 344
1 1311 705
0 736 1206
1 1806 122
0 1006 183
1 50 1438
1 542 926
0 1558 1087
0 1733 300
0 711 617
0 464 1000
1 1251 491
1 1511 1988
0 1436 813
1 178 915
0 1976 1519
0 186 1326
0 1720 1406
1 1911 1319
0 759 1749
0 3 80
0 153 1510
1 1903 1273
0 470 835
0 183 1917
1 771 1687
0 520 96
0 247 1775
1 860 1024
1 1940 1691
0 1236 972
0 1191 873
1 1318 46
0 1754 1507
0 617 1795
1 1878 147
1 896 1132
0 884 1832
0 304 1189
1 25 779
0 1599 585
1 589 1445
1 389 1403
0 891 245
0 1377 190
0 90 1273
1 671 4
1 312 1307
1 153 965
1 800 1919
1 1851 319
1 100 1225
1 1496 1384
0 476 1619
0 1969 1954
0 874 214
1 54 15
0 1951 652
1 309 1998
0 938 942
1 1407 360
1 98 1640
0 1076 1100
1 462 1503
0 1059 1250
1 422 322
0 337 641
1 545 1896
0 765 750
1 604 1617
0 756 673
0 1890 1006
1 895 1429
1 301 272
1 1180 266
0 1163 1241
1 1883 1329
1 891 630
1 729 1263
0 1198 201
1 550 576
1 376 1785
0 1240 1591
0 43 318
0 135 1725
1 1983 568
0 1186 1100
1 489 1160
0 1811 1141
1 1371 1986
0 1597 1910
1 1430 815
0 952 540
0 1813 1000
0 1026 284
1 135 1009
1 30 1670
1 1761 1335
0 721 1400
1 501 1287
1 67 1838
1 604 126
0 821 1660
0 1136 716
0 725 662
0 371 1925
1 859 1726
0 683 756
0 705 1397
0 1278 1221
0 1643 808
0 292 665
1 558 1405
1 1151 381
0 1140 674
0 1149 1741
0 1683 1298
1 1794 1140
0 1371 576
1 71 304
1 1829 297
0 225 397
0 1775 1624
1 1597 792
0 1402 1308
0 78 874
1 1704 1832
1 1406 1981
1 1350 642
1 1898 1851
1 1181 122
1 631 937
0 1251 1692
0 1231 1970
1 381 1274
1 313 1575
0 810 1032
1 1261 1084
1 866 1383
1 1560 204
0 811 1162
0 211 871
1 28 1376
0 333 1006
0 1923 1597
0 1323 1163
0 1807 486
1 155 705
0 449 1988
1 1558 453
1 1151 758
0 529 991
1 87 1319
0 774 1247
0 148 1909
1 636 1264
1 198 1641
0 42 946
0 413 1951
1 1940 1294
0 735 1186
0 1801 28
0 323 1517
1 526 1257
0 901 1915
1 512 437
0 1152 1399
0 186 306
0 1884 754
1 1794 6
0 1771 1049
1 1705 612
1 470 1867
1 831 751
0 1952 1749
0 275 1486
0 15 781
0 703 967
0 1208 1111
0 530 960
0 996 795
0 1829 204
0 1273 1564
1 382 1457
1 6 164
0 1679 606
0 1354 67
0 1734 1555
0 78 1767
0 1278 1381
1 607 1955
1 703 1888
0 1717 644
1 70 245
0 1205 1985
1 776 958
1 715 970
0 1782 73
0 1272 980
0 1290 490
0 250 870
0 393 1506
0 322 1404
0 613 89
1 407 659
1 716 1179
1 1441 1402
0 1857 694
0 1461 1118
1 861 1818
1 1875 1068
1 649 1395
1 1013 1977
1 1263 1095
0 1073 1577
0 398 1152
1 1619 174
1 334 669
1 679 509
0 1117 121
0 733 1355
1 229 1523
0 175 883
1 1710 202
1 764 1628
0 36 1444
0 53 558
1 1646 1103
1 143 739
1 1751 1704
0 756 238
0 178 1472
0 405 1896
1 1382 507
1 1004 108
0 1477 216
0 716 928
1 710 1638
0 1204 629
1 463 939
1 463 567
0 690 1216
0 1492 766
1 1452 1949
1 1680 297
0 1247 1725
1 790 229
0 1760 930
0 1891 157
1 889 570
1 591 688
0 1394 1313
1 933 1815
0 833 22
0 1539 1338
0 968 1882
0 1024 798
0 604 312
0 1085 1431
0 1127 925
0 501 1522
0 698 1234
1 120 1143
0 1594 698
0 731 1053
1 807 165
0 863 1362
0 550 759
1 1652 1826
1 188 1981
0 1722 1010
0 184 605
1 441 1353
1 216 846
1 1015 344
1 1313 1361
0 1547 1325
1 1923 21
1 1193 1773
1 903 1969
1 1956 1686
1 1005 636
1 1359 807
1 529 1001
0 1545 485
0 38 69
1 427 535
1 360 1420
1 1166 1260
1 263 875
0 1356 1417
1 136 10
1 1180 1698
1 1448 1573
1 343 1032
0 338 1759
1 1490 275
0 1100 878
1 86 1362
0 1325 898
0 434 1699
0 157 1048
1 747 1821
1 178 10
1 1392 129
1 1824 1039
1 1032 401
0 394 718
0 1030 271
0 22 1599
0 309 1109
0 476 1323
0 1908 1548
0 1784 1223
0 611 918
1 867 1944
0 839 1209
0 1204 1659
1 1052 332
0 285 1183
0 1712 532
1 623 1910
0 1742 1558
0 1798 885
0 9 1598
0 1440 447
1 1791 1811
1 1223 782
1 317 1214
1 1860 1226
0 172 1246
0 522 1695
1 348 432
0 817 1466
1 1788 350
0 451 1587
1 157 1709
0 1748 1787
1 1073 1160
0 1269 439
1 529 1806
1 709 454
0 1779 1730
0 1585 1009
0 1594 731
1 1469 1715
0 157 1579
1 1451 1515
0 916 716
0 1600 278
0 23 131
0 146 1642
0 1682 19
0 619 760
1 116 1258
0 646 1106
1 1097 1308
1 1801 1225
1 1101 1250
1 185 445
1 1550 1356
0 324 1708
0 657 1317
1 96 1803
1 1531 375
1 1701 13
0 1872 971
0 930 683
1 1482 556
0 1370 1799
0 1988 441
0 1194 475
1 1863 1725
1 1404 131
0 5 1345
0 640 1396
1 1971 965
1 1253 83
1 842 666
0 1431 1654
1 1501 744
0 950 551
1 74 659
1 1058 1560
0 147 755
0 1821 158
1 1840 344
1 792 1821
1 469 1662
0 1707 1386
0 1876 1291
1 1980 1342
0 1414 936
0 1885 1162
1 1148 1670
0 598 1459
1 1975 1429
1 1899 1773
0 454 836
1 1614 689
1 1047 1028
1 1015 928
1 1642 1314
1 448 1352
0 1265 1510
0 175 1816
1 252 506
1 300 1369
1 1588 1632
1 1381 198
1 1905 1927
1 1094 1729
0 10 1334
0 1791 1798
0 1819 662
0 26 217
0 89 1893
0 96 313
1 863 1835
0 1710 1657
0 437 1685
1 198 671
1 494 1538
0 217 1949
0 305 552
1 1336 1230
1 365 1150
1 1970 45
0 262 1472
1 117 1147
1 1683 1571
1 1120 184
1 193 930
0 1628 1204
0 1404 802
1 1348 370
0 228 164
0 821 36
0 572 1540
0 1068 1372
1 71 1119
1 1497 120
1 393 260
1 387 1389
1 756 1329
0 84 157
0 85 814
0 1280 1556
0 547 1444
1 1260 966
1 533 1080
0 151 850
1 721 1598
1 1481 551
1 482 1130
0 1197 1598
0 450 1423
0 556 1502
1 1884 1582
0 1518 1423
0 1394 1834
0 46 1766
1 918 66
0 735 1278
1 1068 1878
0 1362 787
1 161 964
0 1316 1905
1 1895 191
0 75 1760
0 90 1184
1 510 178
1 1348 59
0 143 1765
1 259 1026
1 1322 1453
1 104 1337
0 1277 810
0 113 1625
1 1725 1704
1 1020 1926
0 1583 1190
1 1778 1588
1 533 1272
1 834 254
1 99 215
0 1540 472
1 478 1370
1 182 102
1 13 191
1 644 1237
1 485 676
0 1746 182
0 732 964
0 1957 1497
0 431 998
1 673 683
1 411 1650
0 1698 399
0 1661 1586
1 1782 977
1 1349 1901
0 1905 587
1 1506 603
1 1956 1540
1 1149 1394
1 1227 833
1 1139 913
0 1543 60
1 1198 1841
0 126 1767
1 1901 189
1 102 1179
1 1886 1499
0 999 120
1 1099 1150
